# Baspro-tugas-4
Fajar Nugroho

# MATRIKS A :
    [2, 4, 1, 3, 5]
    [6, 7, 3, 8, 2]
    [9, 5, 2, 6, 4]
    [1, 3, 7, 9, 0]
    [4, 8, 6, 2, 1]

# MATRIKS B :
    [5, 2, 1, 6, 3]
    [3, 0, 4, 2, 1]
    [6, 1, 7, 0, 5]
    [1, 3, 2, 4, 8]
    [0, 9, 3, 1, 7]

# HASIL PERKALIAN MATRIKS A DAN B : 
    [31, 59, 46, 37, 74]
    [77, 57, 77, 84, 118]
    [78, 74, 67, 92, 118]
    [65, 36, 80, 48, 113]
    [82, 29, 85, 49, 73]
